low=0.436574348143
up=0.448038398593
