low=0.9085859827022165
up=0.938294779211133

