low=0.77531635429667
up=0.7756407442238915
