low=0.477772555675
up=0.491392061707
