low=0.391846029813
up=0.394156274758
