low=0.794924020293138
up=0.8070574562200389
