low=0.489035017926
up=0.495908704949
