low=0.46519653243
up=0.467133755807
