low=0.457862834578
up=0.459790206711
