low=0.739636224863558
up=0.7712799709613787
