low=0.8190185451241097
up=0.8319479340755814

