low=0.343519496164
up=0.353650713249
