low=0.480613665008
up=0.483739099588
