low=0.508722975909
up=0.509601441741
