low=0.8228874530881467
up=0.851509842877956
