low=0.471297110266
up=0.472364747278
