low=0.8939210884736967
up=0.9224968933213717
