low=0.5152842598
up=0.515428497972
