low=0.7125733528764127
up=0.72014572528552
