low=0.503938248219
up=0.505222367961
