low=0.7178530490311551
up=0.7245934679164202
