low=0.9037543834565644
up=0.92620074062111
