low=0.296009857082
up=0.305239188956
