low=0.480972589171
up=0.483947108736
