low=0.575663820037
up=0.575739117854
