low=0.8611324035264643
up=0.8877934649301269
