low=0.518804556369
up=0.519192123157
