low=0.51436913483
up=0.516707790813
