low=0.398208508941
up=0.39900756693
