low=0.9001209311616283
up=0.9436249217825967
