low=0.453553273149
up=0.455627901616
