low=0.401097174727
up=0.408156309449
